Author: Pierre Baron
0.38
0.7
0.33
0.54
0.58
0.11
0.31
0.62
0.8
0.55
0.33
0.33
0.55
0.42
0.02
0.1
0.49
0.72
0.8
0.91
0.29
0.46
0.3
0.04
0.94
0.35
0.04
0.95
0.81
0.84
0.01
0.36
0.99
0.4
0.28
0.73
0.47
0.84
0.5
0.68
0.14
0.54
0.67
0.8
0.2
0.58
0.62
0.2
0.38
0.61
0.74
0.3
0.69
0.02
0.3
0.91
0.66
0.79
0.1
0.55
0.13
0.65
0.27
0.72
0.39
0.86
0.3
0.94
0.11
0.7
0.77
0.94
0.49
0.71
0.03
0.43
0.5
0.86
0.88
0.32
0.11
0.87
0.26
0.31
0
0.36
0.49
0.46
0.26
0.85
0.42
0.08
0.52
0.53
0.92
0.38
0.46
0.29
0.98
0.66
0.07
0.93
0.04
0.24
0.97
0.91
0.68
0.23
0.74
0.41
0.56
0.14
0.3
0.93
0.29
0.44
0.06
0.46
0.05
0.77
0.75
0.81
0.42
0.7
0.99
0.29
0.46
0.42
0.19
0.04
0.26
0.01
0.14
0.01
0.07
0.89
0.09
0.82
0.26
0.24
0.72
0.35
0.9
0.5
0.27
0.99
0.07
0.83
0
0.67
0.29
0.11
0.2
0.35
0.59
0.96
0.17
0.35
0.22
0.8
0.63
0.19
0.73
0.51
0.37
0.43
0.42
0.15
0.82
0.5
0.72
0.86
0.83
0.4
0.31
0.11
0.79
0.41
0.21
0.7
0.46
0.56
0.38
0.97
0.06
0
0.02
0.79
0.55
0.41
0.01
0.99
0.53
0.34
0.27
0.72
0.72
0.54
0.81
0.4
0.83
0.53
0
0.49
0.71
0.57
0.65
0.59
0.34
0.64
0.57
0.91
0.67
0.35
0.58
0.03
0.25
0.35
0.49
0.79
0.6
0.47
0.45
0.04
0.46
0.14
0.44
0.19
0.38
0.39
0.12
0.25
0.53
0.22
0.05
0.28
0.57
0.17
0.65
0.04
0.47
0.23
0.05
0.75
0.8
0.51
0.7
0.49
0.36
0.76
0.1
0.92
0.26
0.11
0.99
0.15
0.33
0.38
0.8
0.22
0.75
0.24
0.4
0.53
0.07
0.02
0.75
0.36
0.21
0.76
0.84
0.11
0.51
0.54
0.19
0.13
0.88
0.48
0.02
0.11
0.75
0.44
0.91
0.54
0.13
0.87
0.28
0.08
0.48
0.99
0.55
0.43
0.2
0.04
0.83
0.9
0.38
0.15
0.39
0.62
0.62
0.19
0.25
0.32
0.81
0.7
0.53
0.43
0.2
0.31
0.99
0.48
0.56
0.98
0.02
0
0.34
0.27
0.71
0.43
0.64
0.95
0.22
0.83
0.97
0.6
0.74
0.9
0.73
0.63
0.51
0.91
0.09
0.93
0.71
0.7
0.82
0.61
0.26
0.95
0.64
0.67
0.51
0.73
0.24
0.1
0.14
0.72
0.29
0.73
0.23
0.35
0.31
0.09
0.31
0.78
0.53
0.1
0.34
0.94
0.17
0.9
0.32
0.18
0.1
0.06
0.24
0.5
0.73
0.3
0.54
0.1
0.95
0.16
0.03
0.22
0.42
0
0.99
0.12
0.57
0.31
0.58
0.17
0.05
0.98
0.35
0.67
0.61
0.25
0.93
0.94
0.18
0.87
0.38
0.02
0.4
0.94
0.99
0.85
0.47
0.58
0.88
0.96
0.13
0.35
0.76
0.79
0.39
0.97
0.93
0.33
0.39
0.69
0.99
0.13
0.81
0.64
0.14
0.95
0.49
0.45
0.01
0.38
0.23
0.54
0.9
0.42
0.95
0.9
0.28
0.37
0.36
0.03
0.78
0.97
0.12
0.07
0.45
0.52
0.22
0.4
0.67
0.18
0.18
0.81
0.86
0.27
0.96
0.9
0.53
0.75
0.72
0.67
0.2
0.9
0.97
0.39
0.06
0.71
0.32
0.86
0.22
0.22
0.15
0.68
0.71
0.61
0.05
0.12
0.29
0
0.37
0.5
0.23
0.21
0.27
0.25
0.75
0.87
0.61
0
0.3
0.53
0.74
0.49
0
0.05
0.35
0.99
0.72
0.29
0.31
0.68
0.47
0.46
0.33
0.02
0.47
0.71
0.67
0.23
0.02
0.69
0.04
0.9
0.28
0.28
0.25
0.52
0.34
0.4
0.29
0.67
0.95
0.85
0.88
0.82
0.32
0.88
0.82
0.05
0.02
0.2
0.27
0.86
0.14
0.63
0.41
0.32
0.86
0.48
0.59
0.07
0.83
0.57
0.53
0
0.83
0
0.61
0.75
0.83
0.2
0.56
0.7
0.23
0.57
0.74
0.11
0.96
0.63
0.17
0.69
0.82
0.23
0.81
0.83
0.84
0.19
0.4
0.26
0.01
0.16
0.04
0.96
0.4
0.85
0.49
0
0.86
0.33
0.07
0
0.26
0.77
0.77
0.05
0.93
0.63
0.15
0.5
0.52
0.46
0.97
0.83
0.59
0.2
0.76
0
0.99
0.08
0.61
0.04
0.98
0.03
0.12
0.15
0.89
0.57
0.71
0.91
0.66
0.23
0.58
0.33
0.79
0.2
0.65
0.76
0.15
0.65
0.16
0.7
0.4
0.33
0.5
0.2
0.13
0.57
0.57
0.99
0.16
0.47
0.85
0.91
0.58
0.37
0.83
0.46
0.34
0.64
0.32
0.8
0.23
0.74
0.35
0.02
0.74
0.41
0.31
0.32
0
0.25
0.76
0.72
0.2
0.07
0.79
0.6
0.23
0.91
0.2
0.46
0.79
0.71
0.95
0.94
0.53
0.85
0.47
0.76
0.87
0.52
0.59
0.88
0.86
0.89
0.49
0.34
0.96
0.51
0.68
0.37
0.52
0.8
0.48
0.83
0.32
0.78
0.29
0.29
0.03
0.42
0.88
0.61
0.08
0.7
0.48
0.61
0.92
0.17
0.49
0.1
0.8
0.87
0.14
0.81
0.13
0.09
0.69
0.81
0.39
0.84
0.99
0.61
0.47
0.33
0.43
0.59
0.96
0.32
0.51
0.01
0.96
0.37
0.09
0.62
0.12
0.18
0.12
0.89
0.81
0.71
0
0.86
0.61
0.5
0.69
0.69
0.34
0.46
0.54
0.59
0.84
0.9
0.65
0.22
0.25
0.94
0.66
0.2
0.52
0.5
0.02
0.23
0.78
0.06
0.89
0.63
0.77
0.44
0.58
0.85
0.58
0.92
0.61
0.35
0.58
0.49
0.69
0.76
0.39
0.48
0.85
0.77
0.28
0.1
0.05
0.83
0.22
0.37
0.09
0.43
0.2
0.95
0.17
0.24
0.25
0.79
0.85
0.36
0.05
0.64
0.67
0.65
0.61
0.55
0.91
0.53
0.83
0.39
0.02
0.32
0.22
0.31
0.38
0.74
0.81
0
0.72
0.85
0.42
0.79
0.87
0.03
0.37
0.85
0.01
0.74
0.77
0.61
0.2
0.51
0.5
0.46
0.26
0.94
0.6
0.14
0.32
0.93
0.97
0.98
0.59
0.51
0.05
0.14
0.08
0.82
0.37
0.71
0.9
0.1
0.89
0.68
0.77
0.04
0.53
0.9
0.33
0.27
0.75
0.56
0.99
0.7
0.46
0.09
0.96
0.11
0.9
0.15
0.88
0.38
0.42
0.56
0.09
0.56
0.46
0.91
0.51
0.3
0.39
0.89
0.9
0.92
0.63
0.24
0.42
0.07
0.01
0.67
0.7
0.11
0.57
0.04
0.61
0.53
0.44
0.31
0.12
0.36
0.87
0.51
0.52
0.32
0.76
0.98
0.91
0.8
0.32
0.84
0.13
0.04
0.42
0.72
0.45
0.71
0.33
0.38
0.39
0.39
0.66
0.92
0.4
0.65
0.28
0.52
0.92
0.18
0.76
0.02
0.51
0.34
0.82
0.1
0.44
0.84
0.05
0.92
0.9
0.7
0.83
0.26
0.27
0.59
0.56
0.89
0.66
0.34
0.97
0.36
0.79
0.52
0.1
0.29
0.42
0.41
0.25
0.82
0.08
0.15
0.21
0.39
0.29
0.11
0.09
0.56
0.03
0.57
0.23
0.61
0.61
0.5
0.87
0.49
0.24
0.68
0.04
0.64
0.42
0.09
0.88
0.48
0.99
0.63
0.51
0.94
0.57
0.35
0.5
0.08
0.14
0.51
0.13
0.42
0.37
0.9
0.99
0.53
0.94
0.83
0.96
0.83
0.65
0.21
0.6
0.2
0.18
0.09
0.22
0.09
0
0.08
0.71
0.71
0.95
0.79
0.84
0.9
